/* Image Width:87 Height:87 */
 
		115,241,157,20,231,60,239,125,231,60,239,125,165,52,24,227,66,7,132,15,123,206,132,47,82,202,33,36,90,235,148,177, 
		115,109,41,101,66,40,57,199,8,97,8,65,8,97,8,97,0,32,0,32,8,97,16,130,0,32,0,32,0,32,16,130, 
		0,65,0,32,0,32,41,69,74,106,8,65,8,98,16,130,16,163,24,195,33,36,24,228,25,4,33,4,33,4,33,36, 
		33,69,33,37,33,36,33,4,25,4,25,4,33,36,33,37,41,102,41,134,57,200,173,183,140,213,74,171,41,102,16,130, 
		66,8,148,146,148,244,157,20,157,20,165,52,107,142,156,245,90,237,165,53,157,54,132,147,173,118,148,211,156,244,165,85, 
		181,215,214,219,214,219,173,118,140,146,173,117,165,85, 
		58,108,99,79,222,219,239,93,231,60,231,28,198,56,99,44,123,108,148,145,156,242,148,145,123,206,33,68,74,105,148,145, 
		140,80,58,8,74,73,82,171,41,69,25,4,24,195,16,162,16,130,16,130,16,162,16,162,16,162,16,162,16,162,16,163, 
		16,162,16,162,8,130,49,166,82,203,24,195,24,195,24,228,33,4,33,36,33,37,33,69,41,69,41,69,49,134,49,166, 
		57,199,66,8,66,40,82,106,90,203,107,77,123,207,132,49,148,179,173,86,181,183,198,123,124,17,74,107,25,4,16,162, 
		107,77,148,179,148,212,165,53,157,20,156,244,99,44,115,241,91,13,181,216,173,151,140,147,173,150,198,24,173,118,165,85, 
		198,89,222,252,214,219,124,16,140,114,173,117,173,117, 
		33,137,49,234,165,21,222,251,222,219,222,251,222,218,189,214,197,246,165,19,173,116,132,47,123,239,49,166,66,8,148,178, 
		156,210,90,203,57,232,107,77,82,138,82,138,82,138,74,105,74,105,66,40,74,72,66,7,65,231,57,231,49,198,49,134, 
		49,134,49,134,49,134,74,105,115,175,74,105,90,202,99,44,115,109,123,206,140,48,156,178,164,243,173,85,189,182,197,247, 
		198,24,214,154,222,186,222,251,206,122,189,249,173,183,173,118,165,86,148,212,156,244,206,155,107,142,58,9,24,195,33,36, 
		140,113,132,114,148,212,189,247,181,183,140,81,107,45,90,236,115,240,181,248,165,118,165,53,173,150,181,183,156,244,173,118, 
		190,56,223,28,140,146,82,170,140,113,173,117,173,117, 
		25,39,33,104,123,240,115,207,198,56,231,92,222,251,222,250,214,153,148,177,165,83,124,15,115,206,57,199,49,166,156,243, 
		165,19,99,44,57,232,90,203,24,195,33,4,41,69,57,198,66,40,74,72,107,10,107,43,115,108,123,140,107,76,123,173, 
		123,141,123,141,131,206,131,238,156,244,165,20,189,215,198,56,206,89,198,89,198,56,198,24,189,215,173,118,165,52,140,114, 
		107,110,91,12,74,138,58,8,41,102,33,5,24,195,8,130,8,65,0,0,99,45,214,187,99,45,41,134,24,194,74,73, 
		148,244,132,115,148,212,173,151,181,183,107,110,90,203,90,236,140,213,198,90,189,248,189,215,181,215,181,215,181,215,181,215, 
		189,248,123,207,66,7,74,138,132,48,173,117,173,117, 
		8,164,33,102,107,77,66,40,107,109,132,16,214,186,222,251,173,84,82,138,148,177,123,239,123,239,74,105,41,69,148,178, 
		173,117,123,206,57,199,90,204,16,130,0,32,0,32,8,65,0,0,0,0,0,0,8,65,0,32,0,32,8,65,8,97, 
		16,130,16,130,16,130,57,198,82,171,16,162,24,195,24,227,24,195,16,195,24,195,16,163,16,162,16,195,16,163,16,195, 
		8,65,0,65,8,65,0,65,8,98,16,163,8,98,16,163,24,195,25,4,173,118,189,248,90,236,33,36,24,195,115,175, 
		165,86,132,115,124,83,157,54,165,86,82,139,74,139,90,204,190,58,214,219,198,89,198,57,173,215,198,89,181,247,148,178, 
		82,137,74,73,66,73,58,40,123,239,173,150,173,117, 
		0,98,16,163,107,77,82,170,98,235,132,48,197,248,222,251,132,48,33,4,74,73,140,145,123,239,82,170,24,227,132,15, 
		173,117,148,178,49,166,99,13,57,231,24,227,16,194,16,162,8,97,8,97,8,97,16,162,0,65,0,64,0,32,8,97, 
		0,65,0,0,0,0,41,101,74,41,0,0,0,65,8,65,8,65,16,130,24,195,16,130,16,162,16,195,24,195,33,36, 
		24,228,16,195,24,195,24,228,33,4,41,69,57,199,74,73,99,13,123,208,222,219,156,211,66,41,24,227,41,69,156,244, 
		165,118,148,212,140,180,157,54,123,240,91,12,66,107,99,78,198,90,189,248,181,215,206,122,198,89,156,244,90,235,65,231, 
		99,12,107,175,33,102,74,138,124,15,173,117,173,117, 
		0,65,24,227,140,114,198,122,206,186,206,154,206,154,214,153,123,239,74,73,33,36,82,170,140,113,107,109,16,162,99,76, 
		165,20,181,182,66,8,90,236,91,12,82,170,82,170,74,72,57,199,41,101,24,228,16,195,16,162,16,162,16,162,16,162, 
		16,130,16,130,8,98,57,199,82,138,24,195,24,195,16,195,24,195,24,228,25,4,24,228,33,4,33,37,41,69,49,134, 
		57,231,82,106,107,45,131,240,148,146,165,20,197,248,206,89,214,154,222,219,231,28,115,175,41,102,24,195,74,73,132,82, 
		157,21,189,248,165,86,148,245,99,44,115,175,74,139,132,82,206,188,198,122,189,248,156,211,90,203,57,199,74,106,90,236, 
		82,236,66,139,33,102,74,105,115,206,173,117,173,117, 
		0,32,57,231,123,240,181,248,173,215,190,23,165,52,190,23,90,203,49,133,33,68,33,3,74,137,123,206,24,227,74,105, 
		165,52,148,210,66,41,82,170,49,166,24,195,41,101,66,7,90,202,115,75,131,205,123,140,107,43,82,138,74,72,57,231, 
		49,134,41,101,33,36,66,8,99,12,41,101,41,102,57,199,66,40,82,138,99,12,123,175,140,81,164,243,181,182,206,89, 
		189,248,181,151,181,150,165,21,132,49,107,78,90,203,66,40,33,36,132,17,214,187,91,13,33,69,24,195,115,174,132,82, 
		115,241,173,150,165,118,140,114,82,171,99,110,58,41,165,85,198,58,156,244,90,235,49,166,74,106,82,204,58,41,66,106, 
		74,172,82,236,41,134,41,166,107,109,173,149,173,117, 
		49,167,33,37,115,207,165,85,157,52,140,178,173,117,181,182,57,231,41,100,41,68,33,35,33,3,66,7,33,4,49,166, 
		156,210,165,19,90,203,74,105,66,8,0,65,0,0,0,32,8,65,16,97,33,3,57,198,82,137,99,11,123,173,123,205, 
		131,238,131,238,123,205,123,206,156,243,148,146,156,211,173,52,173,85,165,52,173,85,173,150,165,53,140,114,123,240,99,45, 
		66,41,41,102,24,196,8,97,8,65,0,0,0,0,0,33,8,130,181,150,173,150,74,106,24,228,41,69,156,243,148,211, 
		115,208,115,240,173,150,99,44,74,140,66,75,74,106,148,178,90,235,57,199,74,73,82,171,66,106,58,9,58,41,66,74, 
		91,46,148,244,57,232,33,101,107,77,173,150,173,117, 
		66,107,82,138,99,77,140,146,132,113,99,43,140,113,107,77,33,36,41,100,49,133,41,100,25,35,33,36,33,4,24,227, 
		99,44,173,149,115,206,57,199,90,236,33,69,16,162,8,130,8,97,0,32,0,0,0,32,0,0,0,0,0,32,8,97, 
		24,195,41,36,49,133,90,170,107,77,57,231,49,166,41,101,33,4,24,195,16,130,8,65,0,33,0,0,0,32,0,33, 
		0,0,0,0,0,65,8,98,24,195,16,130,24,195,33,37,66,41,198,57,132,17,41,135,16,162,74,105,157,20,140,114, 
		123,240,157,21,132,16,82,139,82,237,91,13,66,8,65,232,82,171,91,46,74,173,66,107,74,172,83,14,82,237,83,13, 
		173,216,214,252,124,17,41,102,115,141,181,150,173,117, 
		41,167,49,166,90,235,140,113,123,239,74,73,41,101,25,3,49,166,49,166,49,133,41,133,41,133,33,36,24,227,24,195, 
		41,69,123,206,132,80,49,134,107,109,98,235,82,138,57,231,33,4,16,130,8,98,16,130,8,130,8,65,0,33,8,65, 
		8,65,0,0,0,0,41,101,66,8,0,0,0,0,0,0,0,0,8,65,0,33,0,33,8,65,8,65,16,163,24,228, 
		16,163,16,163,16,195,24,228,49,102,82,138,115,143,156,179,181,118,181,86,82,171,25,4,16,130,123,207,165,53,156,244, 
		165,85,132,16,66,40,99,45,82,204,82,204,107,111,132,82,124,18,132,82,132,82,123,241,148,212,157,54,148,213,173,216, 
		206,220,206,187,91,12,33,36,123,206,181,182,173,117, 
		41,134,24,228,99,44,156,243,99,76,66,8,57,231,132,15,74,73,41,101,49,133,41,100,49,165,33,68,24,227,24,227, 
		24,195,41,69,90,235,49,166,90,203,41,101,49,166,90,235,107,44,107,76,82,104,41,69,24,195,16,162,16,130,16,162, 
		16,162,8,130,8,97,57,166,66,40,8,98,8,98,16,130,16,130,24,227,16,163,16,163,16,163,24,195,33,36,41,101, 
		57,199,90,203,123,239,165,53,189,215,164,244,140,81,107,77,164,211,156,146,57,232,16,163,33,36,165,53,189,248,148,211, 
		90,203,66,8,74,139,90,237,140,115,165,119,181,216,165,86,157,21,148,212,165,54,190,25,198,122,190,25,206,187,206,220, 
		173,183,82,138,24,227,49,166,132,48,181,150,173,149, 
		25,37,33,36,74,72,82,170,90,202,82,202,107,43,173,18,57,231,41,133,49,165,41,133,57,231,41,69,41,69,33,36, 
		16,194,24,227,33,36,33,36,74,73,49,134,0,32,0,32,24,195,65,230,115,75,131,237,123,173,99,11,74,105,49,166, 
		33,36,24,228,16,163,57,198,74,105,24,195,24,195,24,227,33,4,41,102,57,199,82,170,107,110,148,114,165,20,181,151, 
		173,151,173,150,148,212,124,16,74,106,33,4,8,65,24,228,164,211,107,77,49,134,16,130,66,8,148,179,90,236,66,8, 
		82,204,132,50,165,86,190,25,190,58,190,25,181,216,190,25,165,86,190,25,198,123,198,90,190,58,198,122,190,57,107,175, 
		41,101,24,195,24,227,49,166,140,80,181,117,165,52, 
		123,207,131,240,131,240,99,12,107,109,132,49,156,244,156,211,74,138,49,133,57,231,74,73,66,40,24,227,24,227,16,195, 
		24,195,16,195,24,227,33,4,49,134,74,73,57,199,24,195,8,97,0,0,0,0,16,129,49,101,82,137,123,140,140,14, 
		140,14,123,173,98,234,98,234,115,174,90,236,107,109,132,16,156,178,156,211,156,244,156,211,140,114,140,82,107,78,66,41, 
		33,69,16,162,0,32,8,65,0,33,8,98,41,69,115,143,140,49,74,41,33,36,16,163,41,69,57,231,74,74,115,176, 
		165,119,190,58,190,58,190,25,190,25,190,57,189,215,173,151,189,249,198,122,198,122,198,155,181,249,124,17,49,167,16,195, 
		33,4,24,227,24,227,49,166,140,80,165,20,156,243, 
		173,86,181,150,123,239,91,11,115,142,140,81,173,117,132,15,132,15,57,198,58,7,66,7,49,134,24,227,16,195,24,195, 
		24,227,24,195,16,162,41,68,16,162,65,231,106,235,98,234,74,72,33,4,8,130,8,97,8,97,0,0,0,0,16,129, 
		41,68,74,39,98,234,115,108,132,16,115,174,107,77,90,203,74,73,49,134,33,4,16,130,8,97,0,0,0,33,0,0, 
		0,33,8,65,16,162,33,69,66,40,107,45,140,49,132,17,82,139,49,134,16,163,24,227,66,41,91,13,132,115,190,25, 
		190,58,190,58,190,25,190,25,198,90,198,90,198,57,181,216,198,90,198,155,182,25,124,17,66,74,24,228,16,163,16,227, 
		33,4,24,227,24,195,57,231,148,145,165,52,165,20, 
		49,198,49,134,98,202,98,234,90,202,123,174,140,80,164,208,90,202,33,36,57,230,57,198,41,69,24,195,24,195,24,227, 
		24,227,16,162,16,130,33,36,24,195,16,130,57,166,115,75,148,46,131,172,90,169,41,101,16,195,16,130,8,98,8,65, 
		8,65,0,32,0,0,49,133,66,8,0,32,0,32,0,32,8,65,8,65,0,32,0,33,16,130,16,130,24,195,24,195, 
		41,69,74,73,115,142,148,114,148,147,140,147,107,176,74,139,57,232,25,4,16,163,49,167,99,78,156,245,198,90,190,58, 
		190,25,190,58,190,57,190,58,198,122,198,90,198,90,198,90,198,90,132,115,57,232,16,195,41,70,16,195,24,228,16,228, 
		33,4,24,195,24,227,74,72,148,178,165,52,157,20, 
		90,201,115,108,156,111,139,237,148,14,131,205,131,205,140,46,90,169,33,36,41,68,66,7,33,36,16,162,16,195,25,3, 
		24,195,16,194,16,162,16,162,24,195,16,130,16,130,24,227,66,7,131,173,164,112,148,14,99,11,66,8,33,37,16,195, 
		16,162,8,130,8,65,49,134,74,105,8,97,16,130,16,195,24,195,25,4,24,228,24,227,41,69,65,232,90,203,123,174, 
		140,49,148,147,148,146,132,49,99,110,91,13,74,106,65,232,25,4,16,195,33,4,91,13,148,244,165,86,190,58,198,90, 
		190,25,190,25,190,90,190,58,198,123,206,187,189,249,132,82,66,41,25,4,24,228,49,135,25,37,24,228,25,4,33,36, 
		33,36,24,227,41,68,82,137,156,243,165,52,165,20, 
		41,68,172,209,172,176,156,79,172,241,140,13,90,169,98,234,90,136,33,3,24,226,66,39,33,36,16,162,16,162,24,195, 
		33,36,33,4,16,162,16,162,16,130,16,130,16,130,24,195,16,163,24,227,65,232,123,141,131,238,131,205,123,173,98,235, 
		65,231,33,36,16,163,49,134,82,138,16,163,24,195,24,195,33,36,66,40,82,171,107,77,140,49,148,146,140,114,124,18, 
		107,176,115,176,115,175,82,203,66,9,57,199,41,102,16,163,16,163,24,227,49,200,91,14,91,79,115,209,198,90,198,122, 
		165,86,132,82,181,249,198,155,198,123,148,212,66,41,25,4,33,37,49,135,49,167,33,69,25,4,24,228,24,227,24,195, 
		33,4,33,3,41,68,82,138,156,243,165,20,165,84, 
		49,133,148,46,148,46,156,111,123,107,107,41,99,8,90,168,90,168,24,227,8,97,41,100,24,227,16,162,16,162,24,194, 
		49,133,41,101,16,130,16,162,16,130,16,130,16,130,16,130,16,162,24,163,24,228,33,4,41,69,74,72,107,75,131,237, 
		140,13,123,140,90,202,82,170,107,109,74,73,90,235,107,109,123,207,132,16,123,208,115,175,115,143,99,78,90,237,82,139, 
		74,106,74,73,66,8,41,69,24,195,16,130,8,98,16,130,25,4,41,135,74,171,58,42,66,75,99,111,206,155,148,212, 
		99,45,82,203,165,86,157,21,82,171,41,68,33,4,49,134,49,167,25,4,16,195,24,163,24,195,24,162,24,162,32,227, 
		33,4,33,36,33,36,90,235,165,52,165,52,165,52, 
		65,230,115,75,123,172,123,140,107,10,98,201,98,232,115,75,107,42,16,194,8,65,24,194,16,130,24,194,24,195,16,130, 
		33,36,49,134,16,162,24,195,16,162,16,162,24,195,33,4,24,227,16,163,24,195,24,227,24,227,24,227,33,4,57,198, 
		98,202,123,140,139,237,131,237,107,109,107,109,107,109,99,44,99,12,90,236,82,139,74,106,66,41,66,8,57,232,49,134, 
		33,37,41,69,41,69,24,227,16,163,16,163,16,130,16,163,33,69,99,78,107,110,91,12,91,12,99,111,206,155,115,207, 
		49,231,91,45,99,78,41,101,33,36,33,3,33,69,33,36,16,195,16,162,24,195,32,227,33,3,32,227,32,227,32,227, 
		33,4,32,227,33,36,107,109,165,52,165,20,165,20, 
		107,76,115,140,99,10,90,201,90,201,107,43,115,108,140,14,164,209,65,198,8,97,16,130,8,97,16,162,24,194,16,162, 
		24,227,41,101,16,162,24,227,24,195,16,162,24,194,41,36,41,68,32,228,24,195,24,195,16,130,16,130,24,227,24,227, 
		24,195,33,4,57,198,90,169,74,106,66,41,57,231,49,134,41,102,41,69,33,37,33,37,33,37,24,195,16,163,16,163, 
		16,163,24,195,24,195,25,4,33,4,24,228,24,228,33,4,49,134,99,12,123,240,140,114,124,16,124,17,198,57,90,235, 
		74,138,74,140,16,229,33,4,24,227,16,195,16,163,16,195,16,163,24,195,32,227,33,3,32,227,32,227,24,227,24,227, 
		24,195,24,195,41,101,115,206,165,52,165,20,156,243, 
		82,104,98,234,90,169,74,71,90,169,107,43,131,205,164,209,197,213,148,111,49,133,16,129,8,97,16,162,24,227,24,194, 
		24,194,41,69,24,227,16,162,24,227,24,195,33,36,41,36,41,68,57,134,41,102,33,4,24,195,8,97,8,65,16,130, 
		16,195,24,195,24,195,24,227,24,227,16,163,16,162,16,162,16,195,24,195,16,195,16,162,16,163,24,195,33,4,33,4, 
		24,195,33,37,57,231,49,134,33,4,41,69,49,134,49,166,49,167,57,232,90,236,124,16,132,49,99,45,165,86,74,138, 
		82,139,16,230,16,196,32,227,24,227,24,227,32,227,24,195,32,228,32,227,32,227,32,227,32,227,32,227,24,227,24,195, 
		24,227,33,4,49,134,140,80,165,20,165,20,165,20, 
		57,197,57,165,57,198,82,105,90,169,123,107,148,46,173,18,197,180,164,208,57,165,49,101,16,162,16,130,24,227,24,227, 
		24,194,33,36,24,195,16,162,24,227,16,162,24,228,24,228,33,37,82,105,82,170,82,170,74,105,49,198,33,36,24,228, 
		16,163,16,162,16,162,24,195,16,162,16,162,24,195,24,195,16,162,8,98,16,130,41,69,33,4,24,227,16,163,16,162, 
		24,195,25,4,41,102,41,69,49,134,49,166,49,166,49,134,41,69,33,37,41,69,41,102,49,199,99,12,115,175,74,106, 
		41,103,16,229,24,195,24,227,32,227,32,227,33,4,24,195,33,4,33,4,24,227,24,227,33,3,24,227,24,227,24,227, 
		33,4,33,36,57,231,148,178,165,52,165,52,165,20, 
		65,230,82,71,90,104,65,230,98,202,148,78,164,176,173,17,181,17,197,147,98,234,41,36,49,100,24,194,24,227,25,3, 
		24,227,33,3,24,195,16,162,16,130,16,130,24,228,24,196,41,37,131,238,131,238,115,108,107,43,107,76,107,44,99,12, 
		90,235,82,170,74,73,57,231,41,69,49,134,57,231,57,231,57,199,49,199,57,232,82,170,66,40,74,73,74,106,74,138, 
		82,171,82,203,41,102,41,69,41,69,33,37,33,37,33,37,24,228,24,228,24,228,24,228,24,228,91,12,74,105,41,101, 
		24,195,32,227,41,69,33,4,24,195,24,195,24,227,24,195,33,4,33,36,33,4,33,4,24,227,33,4,33,4,25,4, 
		33,4,33,36,66,72,156,243,165,52,165,52,165,52, 
		82,71,98,234,131,173,139,238,65,231,115,108,181,115,181,82,173,17,181,50,131,238,33,36,24,227,41,35,33,3,24,227, 
		33,3,24,227,24,195,24,162,16,130,16,130,8,98,24,196,33,37,189,246,214,153,214,153,206,89,189,247,189,182,181,150, 
		164,243,148,145,132,48,123,239,115,109,115,141,107,77,107,109,107,76,107,77,115,142,115,174,123,239,123,239,123,207,115,142, 
		107,77,90,203,49,199,49,199,49,199,24,228,16,195,16,195,16,195,16,195,16,195,16,195,24,228,41,134,49,134,33,4, 
		33,36,33,69,49,135,33,37,33,36,33,36,33,36,33,36,33,4,33,4,33,36,33,4,33,4,33,4,33,4,33,4, 
		25,4,33,36,90,202,165,20,165,52,165,20,165,52, 
		115,75,140,14,164,176,181,50,140,14,65,231,164,241,189,82,189,82,189,114,140,14,66,40,33,36,24,227,33,36,24,195, 
		24,227,33,3,24,227,24,227,16,162,16,130,16,162,24,228,33,4,165,51,123,174,164,243,173,52,140,80,181,182,123,206, 
		189,215,231,60,222,219,198,57,222,252,206,121,206,121,206,121,198,56,189,183,181,150,173,85,165,20,165,20,156,211,148,146, 
		123,174,90,235,41,102,49,166,66,72,57,199,41,101,41,69,16,195,16,163,16,163,16,195,24,228,41,102,41,69,41,101, 
		41,69,41,69,41,69,33,69,33,37,33,37,33,36,33,36,33,4,33,36,33,68,33,36,33,4,33,4,24,227,24,227, 
		24,227,33,36,107,76,173,84,173,85,165,52,165,52, 
		156,111,173,18,181,50,181,50,189,114,107,11,98,202,189,82,181,50,181,17,164,208,107,75,82,137,41,101,24,227,24,227, 
		24,195,33,36,24,227,24,195,16,162,24,195,24,227,32,227,24,226,148,113,206,121,173,84,156,243,165,52,148,113,156,243, 
		198,24,231,28,148,178,90,203,198,24,90,235,148,146,181,215,99,44,214,154,231,28,148,178,189,215,231,28,198,56,223,28, 
		140,113,74,105,41,102,33,4,57,199,57,199,49,166,41,69,8,130,8,130,8,130,16,195,41,69,33,4,41,69,41,101, 
		41,101,41,69,41,69,33,37,33,37,33,37,33,37,33,36,33,4,33,4,25,4,24,227,24,227,24,227,24,227,24,227, 
		33,4,41,69,123,206,173,85,165,52,173,84,173,85, 
		206,21,214,119,205,245,172,208,181,17,181,18,66,7,131,205,189,49,181,17,181,82,123,205,98,202,99,11,66,7,25,3, 
		33,36,33,4,24,227,16,162,8,65,16,130,24,194,33,3,24,227,131,239,231,28,156,211,165,52,189,247,148,146,198,24, 
		223,28,223,28,189,247,189,247,140,81,156,243,148,145,148,178,156,178,165,52,198,56,123,206,132,16,206,121,148,178,222,251, 
		140,81,66,73,41,101,41,101,57,199,57,199,49,167,24,228,8,130,8,130,8,130,24,195,33,4,24,228,41,101,41,101, 
		41,69,33,69,33,69,33,37,33,37,33,37,33,36,33,36,33,4,24,227,24,195,33,4,33,4,33,36,33,4,24,227, 
		24,195,41,101,140,81,173,84,173,85,173,84,173,84, 
		189,147,189,115,189,82,189,50,181,50,197,212,148,111,49,101,172,240,181,49,172,240,82,170,49,101,90,169,140,80,99,12, 
		41,101,33,4,24,227,16,162,8,65,16,130,8,97,16,130,16,162,115,141,214,186,140,113,173,85,189,215,156,211,115,141, 
		198,23,189,247,222,251,189,247,148,145,173,85,156,243,206,153,214,154,156,243,189,247,181,150,164,243,189,215,156,243,223,28, 
		148,113,66,7,41,102,33,37,41,102,49,166,33,37,8,130,8,130,8,130,8,130,33,36,16,195,33,4,41,69,33,37, 
		33,37,33,37,33,37,33,37,33,37,33,4,24,228,24,195,24,195,24,228,33,4,33,69,41,69,49,134,49,166,49,199, 
		33,37,49,166,148,178,173,85,173,84,173,85,165,52, 
		189,114,189,82,189,82,181,82,181,82,173,17,172,241,90,137,90,169,173,17,172,239,66,7,33,36,33,3,82,105,123,206, 
		99,44,33,4,16,162,24,195,8,130,33,4,24,227,16,162,8,97,90,202,214,186,189,247,156,210,189,247,156,210,173,117, 
		214,218,173,117,214,186,140,48,156,243,173,84,165,84,206,121,132,48,165,52,214,186,123,239,140,48,189,215,164,244,214,187, 
		156,145,82,72,41,102,24,227,33,4,41,69,24,195,24,228,24,195,16,163,16,163,33,37,24,227,33,69,33,37,33,37, 
		33,36,33,36,33,36,33,4,24,227,24,227,24,195,24,227,33,36,41,69,49,166,49,166,66,40,66,8,74,73,82,203, 
		115,207,82,138,165,19,173,84,173,84,173,117,173,85, 
		197,147,189,114,189,114,189,115,173,17,164,143,164,176,164,209,57,198,140,14,164,175,74,104,41,69,33,3,24,227,57,231, 
		107,77,66,40,16,130,24,195,16,130,33,36,41,69,41,68,33,4,82,137,165,52,131,239,156,210,173,117,156,243,181,182, 
		222,251,223,27,222,219,214,154,156,210,165,52,173,85,206,89,181,182,164,243,214,154,123,174,132,16,181,150,148,146,181,182, 
		148,178,74,137,41,134,33,4,33,4,33,4,24,195,16,163,16,195,16,162,16,162,24,228,33,4,33,4,33,4,33,4, 
		33,4,24,228,24,195,24,195,25,4,33,36,41,101,49,134,49,199,66,8,66,8,74,106,90,236,115,175,140,81,123,207, 
		132,16,82,170,173,84,173,84,173,117,173,117,173,117, 
		189,115,181,82,172,241,173,17,181,49,181,50,172,241,164,176,115,108,82,105,164,209,90,201,41,69,33,36,24,227,24,195, 
		33,36,66,7,24,194,24,227,24,195,24,227,41,101,41,101,41,69,66,40,206,56,148,145,214,153,132,48,165,19,173,85, 
		222,251,222,251,189,215,165,52,156,243,164,243,165,20,173,85,206,121,156,211,198,56,173,85,173,85,148,178,132,16,173,85, 
		148,178,74,105,33,36,16,130,16,130,8,98,8,97,8,65,8,97,8,97,8,130,16,163,24,195,24,227,24,227,24,228, 
		24,228,24,195,24,195,33,36,49,166,57,231,57,232,66,41,74,73,90,204,107,143,148,212,181,183,189,182,148,178,90,202, 
		41,101,107,77,181,149,173,84,173,84,181,149,181,149, 
		181,82,181,17,172,241,172,208,164,208,172,241,173,17,164,176,156,143,90,137,115,108,115,75,57,165,41,101,41,68,24,227, 
		24,227,24,227,24,227,24,227,24,195,16,162,41,101,41,101,49,134,41,101,115,109,164,243,181,182,198,23,214,153,206,121, 
		222,251,231,28,222,251,140,48,189,247,165,19,131,239,189,215,107,44,156,178,189,215,140,48,140,48,173,117,107,11,140,81, 
		148,178,74,137,33,36,16,130,24,195,24,195,24,195,24,227,24,195,33,4,33,36,16,163,16,163,24,195,24,195,24,195, 
		24,228,24,228,33,4,49,134,74,105,82,171,107,78,123,208,156,211,173,117,189,215,189,214,173,84,156,178,107,44,49,166, 
		49,166,140,113,181,149,181,117,181,117,181,149,181,149, 
		172,241,181,82,181,49,172,208,164,208,164,176,164,176,164,144,164,176,140,14,90,169,107,43,74,6,41,101,41,101,41,101, 
		33,3,33,4,33,36,33,36,33,36,16,162,33,69,41,101,41,101,41,101,24,195,16,162,32,227,49,101,74,40,107,12, 
		131,239,156,178,173,85,189,247,206,89,214,154,214,154,222,251,189,247,214,154,198,24,173,117,173,84,239,93,198,56,198,24, 
		156,210,82,170,41,69,33,36,33,36,33,4,33,37,33,4,33,69,41,101,33,69,16,162,24,195,24,195,24,195,24,227, 
		33,69,57,232,99,12,140,114,181,183,206,90,197,248,189,214,189,214,181,148,173,19,148,113,99,44,57,199,49,167,57,231, 
		74,73,165,52,173,117,181,149,181,117,181,149,181,149, 
		181,50,181,50,181,82,181,17,172,241,164,176,156,111,148,78,148,14,156,79,123,108,82,105,106,234,41,101,33,4,41,69, 
		41,101,41,69,41,101,41,68,41,69,41,69,33,4,49,134,49,134,41,101,24,227,16,130,8,65,8,65,0,32,8,65, 
		8,97,16,162,33,4,49,101,66,7,82,105,98,235,115,77,132,15,140,81,156,178,165,20,181,150,181,150,189,247,206,56, 
		123,206,33,36,33,4,33,36,41,69,41,69,41,69,41,69,41,69,57,199,33,4,16,163,24,195,24,195,16,163,82,138, 
		181,118,214,187,231,62,231,29,206,122,189,182,181,84,164,210,140,80,107,76,66,40,41,69,41,101,57,231,66,8,41,134, 
		82,138,173,84,173,84,173,117,173,117,173,117,181,149, 
		197,81,181,17,181,17,172,208,164,175,156,111,156,111,148,14,140,14,131,172,123,140,98,202,74,7,90,71,49,133,33,36, 
		41,69,49,134,49,166,41,68,41,68,57,231,41,101,49,134,49,166,49,134,41,69,24,227,16,162,16,130,16,130,16,130, 
		16,130,16,130,8,97,8,97,8,65,8,65,8,65,8,97,16,97,16,97,24,195,24,195,33,36,41,69,49,134,57,199, 
		33,36,8,98,33,4,41,101,41,69,41,101,41,101,41,102,41,101,57,199,24,195,24,195,24,195,24,195,24,227,181,183, 
		239,93,198,58,165,86,148,147,115,174,90,170,82,137,57,199,41,69,41,69,49,166,66,7,57,232,49,134,41,134,49,166, 
		107,109,181,117,181,149,181,182,181,149,181,117,173,117, 
		172,207,148,79,148,46,139,237,139,237,140,14,139,237,139,237,123,140,90,136,90,136,115,10,74,39,74,6,90,103,49,133, 
		41,101,41,101,41,69,41,101,41,101,49,166,49,166,41,101,41,101,41,101,41,69,33,4,24,227,33,36,33,4,33,4, 
		24,227,24,195,24,195,24,195,24,227,24,195,16,162,16,162,16,130,16,130,8,97,8,97,8,65,8,65,8,65,8,65, 
		8,98,24,227,41,101,41,69,41,101,41,101,49,134,41,69,57,231,49,134,16,163,24,195,24,195,16,163,49,134,123,239, 
		99,12,74,73,49,166,41,69,33,4,41,69,49,134,57,199,57,231,66,7,49,134,33,37,33,69,57,232,66,40,57,231, 
		140,112,181,149,173,84,181,149,181,149,181,149,173,85, 
		115,142,99,44,107,76,107,109,107,76,107,44,139,237,107,42,90,136,90,104,114,233,123,42,123,74,65,230,65,197,74,5, 
		49,67,41,36,41,69,41,69,41,101,41,69,49,101,49,133,57,199,57,199,49,134,33,4,16,130,33,36,41,101,41,101, 
		41,101,41,101,41,69,41,69,33,4,33,4,24,227,24,227,24,227,24,195,24,163,16,162,16,162,16,162,16,130,16,130, 
		16,163,33,4,41,69,41,69,41,69,41,101,41,69,49,166,57,232,33,4,24,195,24,195,16,163,16,162,24,227,33,4, 
		33,37,41,69,49,166,57,199,66,8,66,8,57,231,41,102,33,37,33,37,41,69,66,41,123,240,115,175,66,41,57,231, 
		156,210,173,117,173,117,181,149,173,117,173,117,181,117, 
		115,142,107,109,99,44,99,44,115,141,107,76,131,140,90,136,123,8,155,236,123,41,123,74,98,168,90,136,57,198,49,100, 
		49,67,41,35,33,3,33,3,32,227,16,97,16,129,24,227,41,68,57,199,57,231,57,231,57,199,49,166,49,134,41,101, 
		41,69,41,101,41,134,49,134,49,166,49,134,49,134,41,101,41,69,41,101,41,69,41,69,33,36,33,36,33,36,33,4, 
		41,102,49,134,57,199,57,199,57,232,58,8,66,73,66,73,49,166,24,227,24,227,16,195,16,195,16,194,41,69,66,73, 
		66,40,74,73,66,8,57,199,41,69,41,101,41,69,33,69,57,231,82,203,107,143,123,240,99,45,57,199,41,133,66,40, 
		165,19,181,117,173,117,173,117,181,117,181,149,181,149, 
		115,174,115,142,99,11,156,46,115,108,90,202,106,201,131,107,147,171,155,234,172,109,131,73,98,135,106,168,82,39,41,68, 
		49,100,41,35,16,97,16,97,16,97,8,64,8,32,0,32,8,65,16,162,33,36,49,133,57,231,66,7,57,231,57,231, 
		57,231,49,166,49,166,49,134,41,69,41,69,33,36,33,36,33,36,41,69,49,134,41,101,41,101,41,101,41,69,41,101, 
		49,166,57,199,57,199,49,167,57,167,57,199,49,199,49,166,49,167,25,4,24,195,24,227,24,195,33,36,24,227,41,134, 
		49,134,33,69,33,37,41,102,57,232,66,41,82,171,99,13,90,236,82,171,57,231,41,101,41,69,49,134,49,134,90,203, 
		173,117,173,117,181,117,181,117,173,117,181,149,181,149, 
		99,44,107,109,90,202,106,234,115,43,74,72,90,103,123,107,115,43,115,74,123,74,90,104,73,230,65,197,65,198,33,3, 
		16,130,24,194,8,65,8,97,8,65,0,32,16,97,16,96,8,64,0,0,0,0,0,32,16,130,24,194,41,68,41,101, 
		49,198,57,231,58,7,74,73,115,142,107,77,58,8,57,231,49,167,49,134,41,101,41,134,49,199,57,232,58,8,74,73, 
		66,73,82,170,90,235,107,77,132,16,132,81,148,146,156,211,82,171,24,195,16,194,24,195,24,227,41,69,66,40,57,232, 
		66,8,74,106,82,203,90,236,90,236,82,171,66,8,49,102,33,36,33,36,41,69,49,133,41,101,49,166,66,8,148,145, 
		173,116,173,84,173,84,173,117,173,117,181,149,181,149, 
		82,170,107,76,99,11,74,73,90,170,90,203,66,40,49,134,41,69,32,227,49,101,49,134,41,36,24,227,41,133,33,3, 
		8,97,41,36,32,227,16,162,24,162,16,97,8,65,24,129,16,96,0,0,8,32,16,96,0,32,0,0,0,0,0,32, 
		8,97,16,162,32,227,33,36,57,231,82,105,66,8,66,8,66,8,66,8,66,40,66,41,82,171,99,44,132,16,148,146, 
		156,211,165,53,165,53,173,150,181,151,173,85,157,20,123,208,41,101,16,194,24,227,25,4,33,4,33,69,74,106,99,45, 
		90,204,74,106,74,73,57,167,41,36,41,36,41,69,49,101,49,134,41,101,41,101,49,134,41,101,66,7,140,80,173,84, 
		173,84,173,84,173,52,173,84,181,149,181,117,181,149, 
		99,12,123,206,107,44,123,206,107,108,98,202,115,42,73,197,82,71,41,3,49,100,65,132,32,161,41,69,57,165,73,196, 
		65,132,57,132,49,68,32,194,49,67,40,226,8,97,16,97,16,96,8,64,16,129,16,96,8,64,8,64,0,32,0,32, 
		0,0,0,0,0,0,0,32,0,32,8,97,16,130,16,130,24,194,24,195,24,194,24,195,24,227,32,227,33,4,33,36, 
		33,4,33,4,33,36,24,227,24,195,24,195,24,195,16,129,16,162,16,162,33,4,33,36,41,101,49,167,49,134,41,69, 
		41,36,41,69,41,36,41,69,49,101,49,101,49,101,49,133,41,101,33,36,33,36,41,69,57,199,107,11,148,112,165,52, 
		173,84,173,84,181,116,181,116,181,117,181,149,181,149, 
		90,203,90,203,115,141,107,76,99,11,90,169,74,7,57,100,41,68,57,166,82,6,114,232,90,136,82,72,57,98,115,7, 
		106,199,81,229,73,229,90,70,65,164,49,67,24,162,8,64,8,64,16,97,8,65,8,32,8,65,0,32,0,32,8,64, 
		0,32,0,32,0,32,0,32,0,0,0,0,0,32,0,32,0,0,0,32,0,32,0,32,0,32,0,32,0,32,0,32, 
		0,32,0,32,8,64,8,33,0,0,0,0,0,32,0,32,0,32,0,32,16,130,49,134,57,232,57,199,41,101,41,101, 
		57,167,49,102,41,69,33,36,33,4,32,227,24,195,16,162,16,130,24,162,41,36,57,231,82,137,115,76,148,112,173,51, 
		173,52,173,52,181,117,181,149,173,84,181,149,181,149, 
		41,68,32,227,106,234,90,136,65,198,49,133,49,133,33,36,33,36,57,199,65,231,74,72,49,134,65,231,74,7,82,136, 
		82,38,81,164,57,133,90,103,49,100,49,100,41,36,16,130,8,64,16,97,0,32,16,97,16,129,0,32,0,32,0,32, 
		0,32,8,64,0,32,0,32,0,32,0,32,0,32,0,32,0,32,0,32,0,32,0,32,0,32,0,32,0,32,0,32, 
		0,32,0,32,0,32,0,32,0,0,0,0,0,32,0,32,0,32,0,32,0,32,16,97,24,228,24,227,24,195,16,130, 
		16,130,8,97,8,65,0,32,0,32,8,65,16,130,16,130,24,194,33,4,49,166,74,104,98,234,115,141,140,112,165,19, 
		173,19,173,52,173,52,173,84,181,117,181,149,181,182, 
		57,198,65,230,90,104,90,169,73,230,65,231,49,134,41,101,49,134,49,166,41,101,24,194,32,194,65,165,90,71,73,230, 
		90,6,48,226,57,100,90,71,73,230,57,133,57,133,41,68,33,3,32,194,24,162,16,129,8,65,8,64,8,64,0,32, 
		0,32,0,32,0,32,8,65,0,32,0,32,0,32,0,32,0,32,0,32,8,65,8,65,0,65,8,65,8,65,8,65, 
		0,32,0,32,0,32,0,32,0,32,8,65,8,65,8,65,8,65,8,65,8,65,0,32,0,32,8,65,16,129,16,130, 
		8,65,8,65,8,65,8,97,8,97,16,130,24,195,33,3,41,68,49,134,74,40,90,202,107,44,123,206,148,113,156,210, 
		165,19,165,52,173,84,173,84,181,117,181,149,181,149, 
		65,230,82,72,90,202,65,230,57,166,49,100,49,68,57,100,65,132,81,229,123,9,114,199,82,6,114,232,123,9,131,8, 
		81,164,65,197,114,233,74,6,65,197,74,6,65,198,65,230,57,100,49,100,41,36,32,226,32,194,24,194,24,162,16,129, 
		16,129,16,129,16,97,16,129,16,97,8,97,8,32,8,65,8,97,8,64,8,65,8,65,8,65,8,65,8,97,8,97, 
		8,65,8,65,8,65,8,65,8,97,8,97,16,129,16,130,16,129,8,97,8,97,8,97,16,130,16,162,24,194,24,162, 
		8,97,8,97,16,130,16,162,24,195,41,68,49,133,49,133,57,198,66,7,82,137,98,234,115,109,131,239,140,80,164,243, 
		173,52,173,84,173,84,173,84,181,117,181,149,189,181, 
		115,76,107,11,115,76,82,72,115,10,131,139,115,10,131,73,139,73,123,8,123,42,131,138,82,6,98,136,114,200,98,37, 
		81,229,106,233,123,74,98,200,90,136,82,71,90,136,74,7,65,197,57,133,57,132,49,68,41,35,41,3,33,3,32,194, 
		24,161,32,194,24,129,24,129,16,129,16,97,16,97,8,65,8,97,16,97,16,97,8,97,16,97,16,129,16,129,16,130, 
		16,130,16,130,16,130,16,130,16,129,24,162,24,194,24,194,24,194,24,162,16,162,16,162,16,162,24,195,24,227,24,195, 
		8,97,16,130,16,130,24,195,41,68,41,101,49,166,65,230,66,7,74,72,90,170,99,11,115,141,131,239,148,112,156,242, 
		164,243,165,19,173,52,173,52,173,85,173,117,181,149, 
		115,43,115,10,123,75,106,169,148,13,156,46,156,78,148,13,147,237,131,107,123,75,106,200,106,200,98,168,122,200,98,70, 
		123,74,115,9,106,233,114,233,114,233,98,136,98,201,74,7,74,6,74,6,73,230,65,230,57,133,57,133,65,197,49,100, 
		41,68,41,3,41,3,32,226,24,194,24,162,24,162,24,194,24,194,24,162,24,161,32,194,33,3,32,194,24,194,24,194, 
		24,194,24,194,24,194,32,195,32,227,32,227,33,3,33,3,33,3,33,3,32,227,33,3,24,227,33,3,33,3,33,3, 
		24,194,8,97,16,130,32,227,49,165,41,101,49,133,57,198,66,7,82,105,98,202,107,76,115,141,132,15,148,80,156,177, 
		173,19,173,52,173,84,181,117,181,117,181,117,181,149, 
		115,76,74,40,131,141,123,108,115,43,147,204,139,172,156,13,147,237,139,204,148,46,131,107,156,12,156,11,123,41,131,106, 
		123,42,131,139,107,9,139,106,115,42,106,200,90,169,73,230,98,168,98,169,90,136,90,104,74,39,65,230,74,6,65,230, 
		57,165,57,100,49,100,49,100,41,36,41,35,41,35,41,35,41,3,33,3,33,3,33,3,41,3,41,3,41,36,41,3, 
		41,35,32,227,24,162,16,130,24,194,41,36,41,68,41,68,41,68,41,68,41,68,41,36,24,162,16,162,41,68,41,68, 
		32,227,24,195,41,68,49,133,49,133,41,101,41,101,57,166,66,7,82,104,90,202,107,76,123,173,132,15,148,80,156,177, 
		164,243,165,20,173,84,181,117,181,117,181,149,181,149, 
		123,206,66,7,73,230,106,168,90,137,131,172,131,107,180,167,180,72,131,139,131,107,172,142,180,237,131,106,139,235,131,106, 
		122,233,147,171,115,10,106,201,90,71,106,233,90,169,90,169,98,234,107,10,106,233,98,201,98,169,90,136,90,136,82,39, 
		73,230,65,198,74,6,74,6,65,230,65,165,57,133,57,133,57,133,49,100,49,100,49,101,49,101,49,133,57,133,57,133, 
		41,35,16,162,16,162,16,162,16,162,24,194,49,68,57,165,57,165,49,133,41,68,24,227,16,130,16,129,24,194,49,133, 
		49,68,49,101,57,198,57,198,65,230,49,133,49,133,65,231,74,39,82,105,98,234,115,108,131,206,140,47,156,145,156,178, 
		164,210,173,52,173,52,173,84,181,149,181,149,181,149, 
		98,136,115,109,99,44,90,136,74,39,131,205,180,206,204,228,204,198,139,139,164,110,148,13,139,139,131,139,115,137,123,74, 
		139,139,123,74,115,43,106,201,106,201,115,75,106,201,107,10,107,11,115,75,107,10,107,10,107,10,106,233,98,201,106,233, 
		90,136,82,72,90,136,98,169,98,169,74,39,74,39,74,39,74,7,74,6,74,6,74,7,74,7,74,7,74,7,65,230, 
		33,3,32,227,32,227,33,3,32,227,32,227,41,3,65,198,65,230,41,68,49,100,49,100,41,68,24,227,49,101,65,231, 
		82,72,82,72,74,39,65,231,57,198,57,198,65,231,74,72,82,137,90,169,107,11,115,108,123,206,140,48,156,177,156,210, 
		164,243,173,19,173,52,173,84,181,117,181,117,181,117, 
		148,13,139,205,140,48,115,75,82,104,131,172,197,80,115,41,139,203,123,141,115,108,123,107,123,107,131,205,139,237,131,107, 
		123,75,90,104,74,6,123,75,107,43,106,234,114,233,106,234,107,10,107,11,115,75,115,43,123,75,107,10,139,203,147,203, 
		90,136,98,169,98,201,98,169,107,10,90,169,90,137,90,136,90,136,90,137,90,137,90,137,90,137,90,137,90,169,65,230, 
		41,68,49,68,49,68,49,68,41,35,41,36,49,68,65,198,90,136,82,72,82,104,82,104,82,137,82,104,90,137,90,169, 
		98,234,98,201,82,72,65,230,65,230,66,7,74,40,82,137,90,169,98,234,107,76,115,141,131,238,140,80,148,145,156,210, 
		164,243,173,52,173,84,173,84,181,117,181,117,181,149, 
		115,10,131,107,164,209,123,206,107,75,148,46,205,81,115,10,65,165,90,103,114,233,148,13,139,204,107,10,123,108,148,47, 
		98,136,82,39,123,140,123,141,98,202,123,74,147,204,131,172,123,75,107,43,115,43,123,107,123,107,107,10,115,74,115,75, 
		115,43,107,10,106,234,106,234,106,234,106,234,98,201,106,234,98,234,106,234,107,10,107,43,107,11,106,234,107,10,90,104, 
		57,133,57,133,57,165,49,132,57,133,57,165,57,133,65,165,98,201,107,10,98,201,98,201,90,169,90,169,98,234,90,169, 
		82,137,82,72,82,72,74,39,74,40,74,72,82,104,90,169,107,74,115,107,115,108,123,173,140,15,140,80,148,145,156,210, 
		164,243,173,19,164,243,173,84,181,149,181,117,181,149, 
		81,230,90,71,131,140,123,75,107,10,115,76,123,141,139,205,148,46,139,205,156,46,131,139,156,111,164,111,82,39,140,15, 
		131,206,131,107,180,174,147,204,139,205,156,13,155,236,139,204,123,107,107,10,90,169,123,107,123,107,115,42,106,233,131,172, 
		139,237,115,43,115,43,115,42,107,10,115,43,115,43,115,75,107,42,115,75,115,75,123,108,123,108,115,43,115,43,107,10, 
		65,230,65,197,65,198,65,198,65,198,65,198,65,230,82,71,115,43,123,107,107,10,90,137,82,72,82,104,90,137,82,104, 
		82,104,82,104,82,72,82,72,82,137,90,137,90,202,90,202,123,202,140,75,123,141,131,206,140,15,148,80,148,145,156,210, 
		164,210,164,243,165,19,173,19,173,84,181,117,189,182, 
		107,42,123,75,98,136,123,42,123,42,123,75,123,108,107,10,107,10,140,14,140,15,115,108,139,238,115,10,115,43,156,112, 
		140,14,164,45,180,76,196,172,196,140,180,108,163,236,115,137,123,202,123,107,90,169,98,201,123,140,123,108,123,107,115,42, 
		123,107,115,42,123,75,123,107,123,75,123,75,123,108,123,107,123,107,123,140,131,140,131,172,123,140,123,140,123,140,123,108, 
		107,10,90,136,82,71,74,39,74,7,82,39,106,234,115,43,107,10,115,10,107,10,90,169,90,169,82,137,82,137,90,137, 
		90,169,90,137,90,137,90,169,98,202,98,202,107,43,107,43,115,76,123,173,123,173,131,238,140,15,148,80,148,113,156,178, 
		164,243,164,243,173,52,173,84,181,116,181,117,181,149, 
		131,173,131,172,123,9,139,139,139,172,123,75,123,108,123,108,115,9,139,139,147,204,123,107,107,43,115,76,123,173,123,141, 
		123,173,139,237,131,173,123,107,147,203,131,139,115,43,123,172,115,106,123,75,115,42,98,202,139,237,139,237,139,237,123,108, 
		123,107,123,140,123,140,123,140,123,108,123,108,123,140,131,140,131,173,131,173,139,237,131,205,131,205,131,205,131,172,131,172, 
		131,173,131,173,131,140,115,75,107,10,115,43,131,205,115,75,107,10,107,10,107,10,107,10,106,234,98,234,98,169,98,201, 
		98,234,98,234,98,202,99,10,107,43,107,43,115,76,115,108,123,141,123,173,131,238,131,239,140,15,140,80,148,145,156,178, 
		164,242,164,243,165,19,173,52,181,117,181,117,181,149, 
		123,141,156,14,164,77,131,139,106,233,107,10,131,205,106,200,123,9,114,234,131,139,139,204,74,7,90,136,148,110,98,202, 
		123,108,123,75,131,173,107,44,107,44,115,109,99,11,107,76,107,43,131,172,123,140,107,10,131,172,148,14,139,237,131,172, 
		131,172,131,205,131,205,131,205,131,173,139,205,131,173,131,205,139,238,139,205,131,205,140,14,139,237,139,237,139,238,139,238, 
		139,205,139,205,139,237,131,172,139,205,139,237,131,173,123,140,131,172,123,108,115,75,107,43,106,234,107,43,107,10,107,10, 
		107,43,115,108,115,108,115,76,115,108,123,173,123,173,123,141,123,173,131,206,131,238,140,15,140,47,140,80,148,113,156,177, 
		156,210,165,19,165,19,181,84,181,117,181,149,181,149, 
		164,210,180,208,131,107,98,136,81,229,82,72,164,176,172,175,147,236,114,200,106,168,90,137,148,14,181,50,156,176,115,44, 
		98,137,155,171,147,171,131,74,90,104,90,137,82,71,82,104,74,72,98,235,107,43,90,234,115,75,139,237,140,13,139,237, 
		131,205,139,205,139,205,140,13,140,13,140,14,139,238,140,14,140,14,140,14,148,46,148,46,148,46,148,46,148,14,148,47, 
		148,46,140,14,140,14,139,237,148,46,131,205,139,205,131,205,131,205,123,140,123,108,115,76,107,43,107,43,115,43,115,76, 
		123,140,123,141,123,141,123,173,123,173,131,238,140,14,131,238,131,206,140,14,140,15,140,47,140,80,148,80,148,113,156,177, 
		156,210,164,243,165,19,181,84,173,84,173,84,181,149, 
		139,238,131,206,115,141,131,239,156,78,148,110,148,79,156,111,115,75,139,205,148,14,123,141,148,79,98,201,106,201,98,168, 
		131,74,164,78,197,16,172,143,156,46,139,204,123,74,107,10,90,137,82,72,98,201,98,169,98,202,115,108,131,237,148,13, 
		148,14,148,14,148,46,148,46,148,46,140,14,148,14,148,46,148,46,148,14,148,46,148,79,148,79,156,79,156,111,148,79, 
		156,111,148,46,148,46,156,144,164,176,131,205,140,14,148,14,139,205,140,14,131,205,131,206,123,108,123,140,123,173,123,141, 
		131,205,131,238,131,205,131,206,131,238,139,238,140,14,139,238,139,238,140,47,140,14,140,47,140,47,148,112,148,112,156,145, 
		156,210,156,210,164,210,181,116,173,84,173,84,181,116, 
		189,49,164,111,156,78,156,111,115,139,123,172,139,140,164,46,148,47,131,205,131,237,123,107,90,135,139,205,139,205,156,13, 
		164,45,221,211,164,110,90,136,131,140,139,205,148,46,123,140,123,140,156,78,164,110,139,172,156,44,172,107,115,76,164,143, 
		156,79,148,46,156,78,156,79,148,78,156,79,156,79,156,111,164,144,156,144,156,111,164,176,164,209,156,144,164,176,156,79, 
		156,111,164,176,164,144,172,209,164,144,164,144,164,176,164,144,148,14,140,14,131,238,140,47,131,205,131,206,131,206,131,206, 
		140,14,139,238,131,238,140,15,140,15,140,14,148,47,148,47,140,15,140,15,140,47,148,79,140,47,148,80,148,145,156,177, 
		156,210,156,210,164,243,173,84,173,84,173,52,173,84, 
		189,49,180,241,139,204,197,113,181,16,156,77,114,201,171,235,188,174,131,106,107,10,131,139,123,107,148,46,156,78,172,143, 
		205,81,180,208,148,13,148,13,156,78,156,46,131,173,115,43,148,14,131,205,148,78,139,172,156,12,180,171,106,169,156,78, 
		140,14,156,13,164,78,164,144,164,143,164,176,164,176,164,208,164,208,172,209,164,176,172,241,172,209,172,241,181,50,172,209, 
		172,208,164,143,172,209,172,209,164,176,172,241,181,17,172,209,148,79,148,79,131,206,140,15,139,238,131,238,131,238,139,238, 
		148,79,148,47,140,14,140,47,156,111,148,79,148,47,148,47,148,47,140,47,140,47,148,47,148,80,148,112,148,113,148,145, 
		156,178,164,243,165,19,165,19,165,19,173,51,173,84, 
		164,110,156,46,107,9,164,110,197,48,164,12,131,107,155,171,131,41,131,107,131,140,156,79,164,111,164,111,181,50,181,50, 
		189,82,172,241,148,79,148,46,172,208,156,143,115,76,139,205,172,176,156,79,148,13,164,77,139,237,164,143,147,237,98,169, 
		131,238,156,13,164,143,172,208,164,176,172,208,172,241,172,241,181,50,189,17,189,50,172,241,172,241,181,17,181,50,181,50, 
		173,17,172,241,180,241,181,17,181,18,181,83,189,83,164,176,156,144,148,79,131,238,140,47,148,47,148,47,148,79,148,47, 
		148,79,148,47,148,79,140,47,148,47,148,79,148,47,148,79,148,47,148,79,148,47,148,79,148,47,156,145,148,145,156,210, 
		164,242,164,242,165,19,165,20,173,52,173,84,173,84, 
		180,240,164,176,156,46,164,78,213,145,205,113,172,110,148,14,147,237,139,205,156,79,172,208,172,176,172,175,173,17,164,209, 
		131,238,123,108,148,47,156,79,164,143,140,14,131,173,164,176,164,176,172,176,164,143,139,204,148,46,173,147,148,13,131,139, 
		123,140,156,111,164,45,172,208,172,208,172,208,172,208,172,241,181,50,189,82,181,50,189,17,181,17,181,50,189,82,189,82, 
		189,82,173,17,181,50,189,82,189,82,189,83,181,82,164,176,164,144,148,47,148,79,148,79,156,112,148,79,140,14,140,15, 
		148,79,140,47,148,79,148,47,140,47,148,47,148,79,156,80,148,47,148,47,140,47,148,79,148,80,148,112,148,145,156,177, 
		164,242,165,19,173,51,165,19,173,84,173,52,181,84, 
		213,212,205,179,213,244,213,178,180,207,180,208,172,208,139,238,156,144,181,17,189,82,189,49,189,50,172,241,148,46,131,173, 
		123,140,139,237,156,111,139,237,156,112,156,112,164,144,172,176,172,208,180,208,156,78,139,204,148,46,156,78,181,17,172,208, 
		131,205,140,47,155,171,172,143,180,241,180,241,172,241,172,208,172,241,189,50,181,50,197,114,222,19,197,115,181,82,181,50, 
		181,50,189,82,181,82,181,50,181,50,189,115,181,50,156,79,156,144,148,79,156,111,164,176,164,176,148,79,140,47,148,79, 
		148,79,148,47,148,47,140,47,148,47,148,80,148,80,156,144,148,79,148,79,148,79,148,112,148,80,148,112,148,112,156,177, 
		164,210,165,19,173,52,164,243,165,19,173,84,181,117, 
		213,242,205,179,189,49,205,179,189,17,197,82,188,239,147,237,164,241,181,17,181,17,189,50,189,49,172,208,148,79,156,112, 
		148,46,172,240,148,79,139,238,172,241,173,18,189,111,172,207,172,176,189,81,156,78,131,74,148,13,172,143,181,17,189,115, 
		148,46,123,173,156,46,172,143,181,17,181,17,181,17,181,17,181,17,172,176,172,241,205,179,247,22,214,20,181,82,189,115, 
		189,115,197,147,189,115,189,115,189,115,181,18,164,209,148,47,148,79,139,238,156,144,156,144,156,112,156,112,148,47,148,79, 
		148,112,148,79,148,79,148,79,148,79,148,79,148,112,148,79,148,112,148,80,148,79,148,112,148,112,148,112,156,177,164,243, 
		164,210,156,178,173,19,164,243,173,51,173,84,173,51, 
		206,13,214,53,213,244,205,146,205,114,213,15,213,146,181,16,164,176,181,83,180,240,181,17,189,114,189,82,156,144,148,46, 
		148,111,156,145,156,144,165,77,140,139,172,208,181,46,164,111,164,111,172,208,164,110,148,46,172,143,180,208,172,208,164,144, 
		156,78,123,140,148,112,172,241,189,82,189,82,189,82,189,50,180,241,205,112,213,209,189,115,230,52,205,211,181,50,189,83, 
		189,83,181,82,172,241,189,82,189,82,181,17,164,176,156,144,156,79,148,79,164,144,164,176,156,144,156,112,140,15,148,47, 
		156,112,156,112,148,112,148,80,148,79,148,79,148,112,148,80,148,79,148,80,148,47,156,112,156,145,148,112,156,145,164,210, 
		164,210,156,178,165,19,164,242,173,19,173,52,164,243, 
		205,179,205,179,189,17,197,146,213,210,213,80,221,80,221,210,164,176,173,18,189,82,197,114,172,208,181,17,148,79,156,144, 
		164,176,172,209,165,45,115,167,140,13,180,240,164,144,172,241,172,176,172,176,156,79,164,144,172,175,172,176,172,208,156,175, 
		164,143,172,208,148,112,181,50,181,50,189,82,189,82,181,17,181,17,197,112,197,112,181,82,189,50,189,115,181,82,181,82, 
		181,17,181,50,189,115,189,115,173,17,181,17,173,18,156,144,148,112,156,144,172,241,164,177,164,209,156,112,148,79,148,79, 
		156,112,156,144,148,79,148,80,148,80,148,80,148,80,148,79,148,80,156,112,148,80,156,112,156,112,156,145,156,145,156,145, 
		164,242,164,242,173,19,164,242,164,243,173,19,164,243, 
		205,114,205,180,205,115,214,21,238,246,214,20,204,239,205,113,172,176,156,145,189,115,197,114,180,208,172,209,181,83,214,87, 
		181,18,181,18,148,110,156,111,197,81,189,49,172,241,181,17,181,17,180,208,172,143,164,176,172,208,197,147,189,49,172,208, 
		164,111,148,46,148,112,181,18,181,49,181,50,181,50,181,50,189,82,172,241,181,18,189,115,189,82,189,115,181,82,189,113, 
		189,115,189,82,197,115,189,82,181,82,181,50,172,209,148,79,156,111,156,112,164,209,156,144,156,177,156,145,148,112,148,112, 
		156,112,148,112,148,80,148,80,148,80,148,80,148,80,148,112,148,80,148,47,148,80,156,112,148,80,148,112,156,145,164,210, 
		156,177,156,145,164,210,164,243,164,242,173,84,165,19, 
		197,147,197,147,205,147,213,244,189,49,180,207,189,16,189,16,172,241,148,47,164,209,189,82,189,114,180,241,189,83,189,147, 
		181,83,156,112,181,17,172,208,180,240,181,17,180,241,172,208,172,208,164,143,164,144,156,78,181,15,181,17,172,241,188,240, 
		172,142,180,208,148,112,164,209,189,82,189,115,189,115,189,50,197,147,189,114,172,208,181,17,189,147,189,83,189,115,189,115, 
		189,82,189,82,197,147,189,115,189,82,181,50,148,80,148,47,148,79,164,177,173,18,164,209,156,177,156,112,148,80,148,112, 
		156,177,148,112,148,80,156,144,148,112,148,112,156,144,148,112,148,79,148,112,156,112,148,80,156,144,156,145,156,145,156,177, 
		164,210,164,242,156,177,164,210,165,19,173,84,173,51, 
		197,114,205,147,197,114,205,147,189,49,172,175,180,240,189,49,205,212,156,111,164,209,189,82,197,114,189,49,180,241,156,144, 
		148,79,164,176,181,17,172,241,148,14,164,143,164,111,164,143,148,45,156,78,164,177,139,236,173,15,189,82,197,146,189,81, 
		164,206,181,81,156,144,181,17,189,82,189,115,197,147,189,115,189,115,189,82,181,50,189,82,189,147,189,115,189,82,197,180, 
		197,148,197,147,197,148,189,115,197,180,189,83,156,144,139,238,148,47,156,144,172,242,172,242,164,177,164,177,156,112,156,144, 
		164,177,156,176,156,112,164,209,164,177,148,112,156,112,156,144,148,80,156,144,148,80,148,80,148,112,156,144,156,145,164,210, 
		156,177,164,210,156,177,164,210,164,243,173,19,173,51, 
		189,82,197,147,197,82,205,179,205,180,205,212,197,146,189,49,172,176,172,143,164,177,172,241,189,81,172,208,156,112,140,14, 
		164,176,189,115,181,50,164,144,164,111,164,144,156,46,172,176,164,175,181,49,156,79,164,143,164,111,156,78,164,110,206,50, 
		214,179,173,14,148,79,172,242,189,115,189,50,189,115,197,147,189,115,181,50,181,50,181,50,181,50,189,115,197,180,197,180, 
		189,115,189,115,197,115,197,180,197,180,189,83,148,112,131,238,140,15,164,209,172,242,172,241,156,177,156,144,156,145,164,177, 
		172,242,164,177,156,112,148,112,156,144,148,112,156,145,156,144,156,112,156,112,148,112,156,112,156,112,148,112,148,112,156,145, 
		156,177,156,177,164,210,164,242,164,242,164,243,173,51, 
		164,210,173,50,189,82,205,212,205,211,205,146,197,82,164,111,180,241,197,147,148,14,131,238,164,240,131,206,131,173,172,208, 
		172,209,181,50,189,115,172,241,164,176,189,115,181,50,189,115,180,240,164,176,164,111,205,144,197,79,181,17,172,241,156,142, 
		173,16,197,146,164,177,181,81,181,144,189,115,189,115,189,115,197,115,189,114,189,82,189,114,189,82,197,115,197,180,197,147, 
		189,115,197,180,189,148,181,83,189,148,189,115,140,47,131,238,140,15,164,209,181,50,172,242,164,177,156,112,156,112,156,177, 
		164,242,156,177,148,112,156,112,156,144,156,112,156,144,156,112,148,112,148,112,148,112,156,144,148,112,148,112,148,112,156,145, 
		156,177,156,178,164,210,156,177,165,19,173,19,165,19, 
		131,238,115,108,140,15,156,145,164,209,164,177,156,144,156,145,189,148,197,213,140,14,140,79,123,173,139,205,164,111,164,143, 
		181,49,181,82,197,212,197,147,197,147,189,50,181,17,181,49,188,207,156,47,197,48,221,207,189,81,181,49,172,208,164,111, 
		172,176,172,208,164,210,181,81,173,47,197,115,197,147,189,82,189,50,189,114,189,114,189,82,189,114,189,82,197,148,189,83, 
		189,83,189,147,189,116,181,18,197,180,197,180,156,112,148,47,148,112,156,144,164,209,164,177,156,112,156,144,148,80,156,144, 
		156,177,156,144,148,112,148,112,148,112,156,144,156,112,156,145,156,144,148,112,148,112,148,80,148,80,148,80,148,112,148,113, 
		156,145,164,210,156,145,156,145,156,177,164,243,173,51, 
		181,50,123,108,90,136,107,11,115,76,115,76,115,109,131,205,131,205,123,108,107,76,148,145,172,242,172,175,164,111,180,241, 
		172,241,181,17,205,245,197,180,189,115,172,241,172,208,189,49,180,241,189,48,213,176,197,47,197,114,189,15,189,81,180,240, 
		180,208,164,208,164,242,172,208,172,208,181,17,189,82,181,49,197,113,189,17,189,114,189,82,189,82,197,147,197,180,197,148, 
		205,212,197,212,197,147,197,148,197,180,189,115,172,242,156,145,173,18,181,83,173,18,164,209,164,177,164,209,156,177,156,145, 
		156,145,156,145,156,112,156,112,148,112,148,112,156,144,156,112,156,80,156,112,148,80,148,80,156,112,148,112,148,145,148,112, 
		156,145,156,177,148,112,164,210,156,210,156,210,173,19, 
		148,13,156,110,164,111,189,82,197,82,181,17,189,82,197,180,197,147,181,17,123,173,123,206,156,177,189,49,164,144,172,208, 
		189,82,197,180,197,180,197,148,189,82,164,144,197,146,180,240,164,143,222,83,221,240,172,207,205,211,213,210,180,240,172,176, 
		189,49,172,241,164,208,180,240,180,241,189,113,189,82,189,82,189,81,189,82,181,50,197,114,197,147,189,82,189,148,197,180, 
		197,180,189,115,197,212,205,245,189,115,181,50,164,209,164,209,173,51,189,115,181,83,164,209,156,145,164,177,156,177,172,242, 
		156,177,156,145,156,112,156,112,156,144,156,112,156,144,156,176,156,112,156,112,148,112,156,112,148,112,148,112,156,145,148,112, 
		156,145,156,177,148,145,148,112,156,177,156,210,164,243, 
		164,110,156,46,180,208,213,212,214,21,222,54,213,244,213,244,205,212,197,114,156,45,107,11,148,144,172,241,181,17,180,241, 
		181,50,197,115,197,115,181,50,172,208,189,81,230,116,164,209,156,45,238,149,205,80,197,81,181,81,197,146,189,49,180,176, 
		172,143,156,145,189,115,197,145,189,82,189,82,197,114,189,82,197,82,197,82,197,115,189,114,189,115,197,114,205,212,197,180, 
		189,148,189,148,189,115,205,245,197,181,181,82,164,144,164,241,181,51,181,115,181,18,164,209,156,144,156,177,156,145,173,18, 
		164,209,164,177,156,112,156,177,156,177,156,144,156,112,156,144,156,144,148,112,156,144,156,145,148,112,148,145,156,145,148,112, 
		156,145,156,145,156,177,156,177,156,145,156,210,156,178, 
		189,49,148,46,189,82,213,244,222,86,214,21,214,21,205,212,197,115,197,147,172,143,147,204,131,238,164,241,181,18,181,50, 
		181,18,172,241,189,115,181,18,164,144,164,78,197,145,156,144,197,82,213,210,205,81,213,178,213,210,205,112,197,210,164,110, 
		172,176,164,242,205,180,205,146,197,114,230,150,197,82,189,50,189,82,197,146,197,147,189,115,197,147,197,180,205,212,197,180, 
		189,83,181,50,189,115,197,213,197,180,173,18,156,144,164,177,173,50,172,241,164,177,164,177,164,210,164,242,164,209,164,209, 
		156,177,156,145,164,177,156,177,156,144,156,112,156,144,156,112,156,144,156,112,156,112,148,80,148,112,148,112,156,144,156,145, 
		148,80,156,178,156,178,164,210,156,177,156,210,164,210, 
		222,53,213,244,205,179,205,212,214,20,214,21,214,21,205,244,214,54,205,245,164,79,147,237,139,238,148,144,172,241,181,17, 
		189,82,189,82,181,50,181,82,172,176,172,176,164,209,164,111,189,17,197,81,213,145,189,49,205,177,197,80,197,178,197,113, 
		164,242,172,240,197,113,213,179,181,17,214,87,139,140,172,208,189,115,189,115,181,50,181,83,189,147,197,180,197,148,205,213, 
		189,115,181,83,189,115,197,180,189,115,172,241,173,18,164,242,173,50,181,50,164,209,173,50,181,51,164,177,156,177,164,177, 
		156,177,156,145,148,112,156,145,156,144,156,112,156,144,156,144,156,112,156,112,148,112,148,112,148,80,148,80,148,80,156,177, 
		148,113,156,145,164,242,164,210,156,210,164,243,173,19, 
		197,147,214,20,214,21,214,53,213,244,197,147,205,212,205,244,214,54,197,147,156,79,180,241,148,46,156,209,173,18,197,147, 
		197,147,197,180,214,119,189,148,181,49,181,81,148,46,172,175,164,111,180,208,189,82,189,81,173,49,214,214,189,48,181,50, 
		148,144,181,48,189,48,189,16,189,49,164,143,164,143,181,18,205,212,197,180,189,115,189,115,197,148,189,115,189,148,197,148, 
		197,180,205,213,189,148,181,83,197,148,181,50,173,18,173,50,181,51,181,83,172,242,173,18,173,50,164,242,172,242,156,145, 
		156,112,156,145,148,80,156,144,156,177,156,144,156,112,156,145,156,144,156,145,148,80,148,112,156,144,148,80,156,145,156,145, 
		148,113,156,145,156,210,156,178,156,177,164,242,164,242, 
		213,212,222,53,205,212,197,212,197,147,205,212,189,114,189,115,205,179,197,114,181,17,205,211,139,237,131,238,156,177,172,241, 
		197,115,189,115,173,18,189,115,189,145,156,143,172,142,180,207,180,241,180,240,180,240,189,81,206,148,197,242,181,17,156,210, 
		156,79,181,16,189,47,189,49,189,50,197,146,189,82,197,148,197,212,197,212,189,115,189,147,197,213,197,213,197,180,189,115, 
		189,115,197,180,197,180,197,180,189,115,189,115,181,51,189,116,181,83,181,51,181,51,164,209,164,177,156,177,164,209,156,144, 
		148,112,156,145,156,144,148,79,156,112,156,112,156,112,156,177,148,80,148,112,140,47,148,80,148,145,148,113,148,112,148,80, 
		148,145,156,145,156,210,164,242,156,145,164,210,164,210, 
		205,211,197,146,189,114,197,115,197,147,189,82,172,208,181,17,197,115,205,147,189,82,197,115,164,175,115,42,148,144,156,177, 
		172,209,172,241,189,114,173,48,148,46,156,46,205,80,213,113,205,146,213,243,213,178,197,177,165,47,173,48,164,242,140,14, 
		197,81,205,211,189,49,189,82,189,82,181,50,189,82,197,180,197,180,197,180,189,115,197,147,205,244,197,180,189,147,189,115, 
		189,83,197,213,205,245,189,115,197,180,181,83,189,148,189,148,181,83,156,177,181,83,172,209,156,112,156,177,156,144,156,144, 
		156,144,156,112,148,112,148,112,156,144,156,144,156,112,148,112,156,112,148,80,148,80,148,80,140,80,148,112,148,112,148,145, 
		156,145,156,113,148,145,156,178,156,178,156,177,164,242, 
		205,245,205,212,181,50,189,50,172,241,148,112,181,51,197,180,197,115,197,147,180,241,197,147,189,82,131,140,107,43,165,19, 
		164,242,189,114,164,174,115,75,139,205,197,81,180,207,213,178,205,80,205,113,180,174,181,113,156,240,156,177,123,108,180,239, 
		205,211,230,182,189,114,189,115,189,82,189,114,189,82,189,115,197,180,189,115,189,115,189,83,213,212,205,180,189,115,189,147, 
		189,115,197,213,197,181,205,245,214,54,197,148,189,148,189,148,173,18,164,209,181,83,181,83,164,209,164,210,156,144,156,112, 
		148,112,156,144,148,112,156,112,156,112,156,112,156,112,148,47,148,112,148,112,148,112,148,112,148,80,148,112,148,80,148,145, 
		148,112,164,242,156,210,156,178,164,242,148,113,164,210, 
		189,115,189,180,164,242,156,210,156,210,140,113,181,116,197,212,197,147,205,179,181,49,189,82,197,147,156,78,115,74,131,173, 
		156,177,156,145,140,14,139,238,156,111,181,81,189,49,172,110,197,47,172,110,180,208,173,50,164,242,123,107,156,13,205,178, 
		213,47,222,17,189,82,189,82,189,82,189,115,189,115,189,83,189,115,189,82,189,82,189,147,189,115,181,17,197,180,197,180, 
		189,147,197,180,197,148,205,245,197,212,181,83,181,83,189,148,173,18,173,18,173,18,189,148,181,83,181,83,164,209,156,177, 
		148,112,148,112,148,112,156,144,156,145,148,80,148,79,156,79,156,144,148,112,156,112,140,47,148,112,148,80,148,80,148,80, 
		148,112,156,145,156,177,156,177,156,210,156,178,156,178, 
		131,173,148,145,156,243,148,145,131,239,107,44,131,206,172,240,197,179,205,245,172,208,180,241,189,115,189,82,147,236,156,12, 
		131,140,123,173,156,177,140,79,123,173,156,176,173,18,165,18,164,242,165,18,165,18,131,206,106,234,181,116,180,241,205,146, 
		204,206,197,111,181,17,189,82,189,115,197,147,189,82,189,83,197,148,189,147,197,180,197,180,189,115,197,147,189,147,189,115, 
		197,147,197,180,197,213,197,213,206,22,189,148,181,116,189,148,173,18,173,51,173,51,164,177,172,242,181,83,181,83,156,112, 
		148,80,148,112,156,177,156,144,148,112,148,80,156,112,164,177,140,47,156,112,148,144,140,47,148,80,148,80,148,80,148,80, 
		148,112,148,145,156,178,148,113,156,145,156,210,156,210, 
		107,76,148,112,140,47,98,169,115,42,123,74,115,10,164,78,189,115,205,212,189,49,181,17,197,179,164,111,156,79,197,80, 
		246,116,139,172,65,198,90,72,115,43,140,47,140,47,131,238,123,140,115,43,98,104,123,75,172,209,189,214,156,144,180,175, 
		188,143,172,241,189,50,189,82,189,82,181,50,189,82,189,115,197,212,189,115,197,212,197,179,197,180,197,147,197,147,189,82, 
		206,22,197,180,197,213,205,245,197,213,189,148,189,116,189,180,164,209,164,209,164,241,164,209,164,209,181,51,173,18,148,112, 
		148,112,156,144,156,112,148,79,148,80,148,112,156,144,156,112,148,112,148,79,148,112,148,112,148,80,148,80,148,112,148,113, 
		148,112,148,112,156,210,156,145,148,145,156,177,156,210, 
		148,112,148,79,98,169,73,230,115,10,115,9,115,42,180,241,189,115,172,208,197,147,181,83,181,18,156,46,148,47,148,12, 
		238,83,205,145,90,103,114,200,131,74,106,200,73,229,65,230,98,71,147,40,180,109,222,52,189,113,131,172,164,208,197,82, 
		197,82,181,50,189,50,189,115,189,115,189,81,189,50,181,82,189,148,197,180,197,179,189,83,189,147,197,148,197,148,197,147, 
		197,148,189,148,189,180,206,22,197,213,181,116,181,83,197,180,173,18,164,242,140,47,164,209,173,18,173,18,181,83,156,177, 
		156,144,156,144,156,176,148,79,140,47,164,209,156,112,148,112,148,79,148,80,156,112,156,144,148,112,148,112,148,80,148,112, 
		156,145,148,112,148,112,156,209,148,145,156,178,156,178,